(70.0,150.0)			
(30.0,500.0)			
(0.0,0.0)			
(60.0,60.0)			
(50.0,200.0)			
(130.0,110.0)			
(45.0,25.0)			
(20.0,400.0)			
(80.0,110.0)			
(50.0,249.0)			
(100.0,500.0)			
(65.0,5.0)			
(40.0,60.0)			
(40.0,70.0)			
(0.0,70.0)			
(40.0,90.0)			
(50.0,30.0)			
(60.0,150.0)			
(40.0,120.0)			
(45.0,5.0)			
(40.0,150.0)			
(60.0,249.0)			
(100.0,110.0)			
(50.0,60.0)			
(55.0,0.0)			
(65.0,249.0)			
(0.0,200.0)			
(65.0,300.0)			
(70.0,60.0)			
(65.0,25.0)			
(60.0,30.0)			
(70.0,70.0)			
(65.0,400.0)			
(130.0,55.0)			
(10.0,90.0)			
(40.0,400.0)			
(10.0,110.0)			
(50.0,150.0)			
(55.0,5.0)			
(20.0,249.0)			
(40.0,500.0)			
(80.0,70.0)			
(40.0,550.0)			
(20.0,300.0)			
