240
219
151
93
44
54
118
114
111
140
185
225
161
50
254
135
133
163
49
31
227
211
145
108
168
77
115
247
215
148
125
42
204
222
158
84
242
217
138
16
187
76
119
126
134
107
232
150
117
66
58
70
154
11
216
2
237
220
13
59
65
191
82
85
244
9
173
203
95
255
88
60
51
101
105
79
181
124
183
61
164
83
28
4
30
48
213
1
144
109
127
99
110
186
198
36
102
218
249
121
251
10
113
243
162
90
195
172
128
35
123
208
21
23
238
147
199
57
179
200
14
112
206
19
228
166
89
81
231
37
45
175
97
234
197
142
40
104
170
153
52
165
92
190
250
193
41
55
201
189
24
96
235
78
188
214
245
160
176
141
224
100
106
6
202
155
169
221
137
233
184
25
26
103
87
241
69
18
131
12
39
80
156
209
252
53
29
194
229
72
146
27
75
246
205
210
223
73
139
98
32
178
207
15
248
17
62
7
34
152
116
167
74
71
136
56
0
177
212
67
143
171
38
86
180
159
149
129
196
236
91
5
94
226
130
68
8
120
63
122
3
253
22
47
64
239
182
174
192
33
230
43
20
132
157
46