(0,0)		(55,0)(0,70)
(55,0)		(55,5)
(45,5)		(55,5)(45,25)
(55,5)		(65,5)
(65,5)		(65,25)
(65,25)		(60,30)
(50,30)		(45,25)(60,30)
(50,60)		(50,30)(40,60)
(60,60)		(60,30)(70,60)
(40,70)		(0,70)(40,60)(70,70)(40,90)
(70,70)		(70,60)(80,70)(70,150)
(80,110)	(80,70)(100,110)
(10,90)		(40,90)(10,110)
(40,120)	(10,110)(40,150)
(50,150)	(40,150)(60,150)(50,200)
(0,200)		(50,200)(0,70)
(50,249)	(50,200)(20,249)(60,249)
(60,150)	(60,249)(70,150)
(20,300)	(20,249)(20,400)(65,300)
(65,300)	(65,249)(65,400)
(40,400)	(20,400)(65,400)
(30,500)	(20,400)(40,500)
(40,500)	(40,550)(100,500)
(100,110)	(130,110)(100,500)
(130,55)	(130,110)
